N=40, M=10, L=40
1/30-----
61 True 0:00:00.074683
total_branches: 65536
branches_explored: 191
case1_prunes: 11
case2_prunes: 0
61 True 0:00:00.000965
